  0.11000E+04 0.12696E+01 0.60737E+00 0.10000E+10 0.76322E+00 0.10000E+10
  0.10500E+04 0.13282E+01 0.66294E+00 0.10000E+10 0.76322E+00 0.10000E+10
  0.10000E+04 0.13932E+01 0.74223E+00 0.10000E+10 0.76322E+00 0.10000E+10
  0.95000E+03 0.14390E+01 0.83688E+00 0.10000E+10 0.79899E+00 0.10000E+10
  0.90000E+03 0.14354E+01 0.94025E+00 0.10000E+10 0.83561E+00 0.10000E+10
  0.85000E+03 0.13669E+01 0.10439E+01 0.10000E+10 0.87224E+00 0.10000E+10
  0.80000E+03 0.12552E+01 0.11591E+01 0.10000E+10 0.89405E+00 0.10000E+10
  0.75000E+03 0.11362E+01 0.12715E+01 0.10000E+10 0.91585E+00 0.10000E+10
  0.70000E+03 0.10397E+01 0.13819E+01 0.10000E+10 0.93767E+00 0.10000E+10
  0.65000E+03 0.98016E+00 0.14850E+01 0.10000E+10 0.10358E+01 0.10000E+10
  0.60000E+03 0.94757E+00 0.15562E+01 0.10000E+10 0.11339E+01 0.10000E+10
  0.55000E+03 0.92875E+00 0.15972E+01 0.10000E+10 0.12212E+01 0.10000E+10
  0.50000E+03 0.91714E+00 0.16305E+01 0.10000E+10 0.13194E+01 0.10000E+10
  0.45000E+03 0.91625E+00 0.16707E+01 0.10000E+10 0.14391E+01 0.10000E+10
  0.40000E+03 0.93506E+00 0.17091E+01 0.10000E+10 0.16246E+01 0.10000E+10
  0.35000E+03 0.98447E+00 0.17517E+01 0.10000E+10 0.17769E+01 0.10000E+10
  0.30000E+03 0.10699E+01 0.18047E+01 0.10000E+10 0.20497E+01 0.10000E+10
  0.25000E+03 0.11816E+01 0.18621E+01 0.10000E+10 0.27694E+01 0.10000E+10
  0.20000E+03 0.12862E+01 0.19134E+01 0.10000E+10 0.30202E+01 0.10000E+10
  0.15000E+03 0.13542E+01 0.19517E+01 0.10000E+10 0.35327E+01 0.10000E+10
  0.10000E+03 0.13831E+01 0.19762E+01 0.10000E+10 0.42957E+01 0.10000E+10
  0.75000E+02 0.13832E+01 0.19897E+01 0.10000E+10 0.54844E+01 0.10000E+10
  0.50000E+02 0.13534E+01 0.19961E+01 0.10000E+10 0.64655E+01 0.10000E+10
  0.40000E+02 0.13109E+01 0.19988E+01 0.10000E+10 0.64655E+01 0.10000E+10
  0.30000E+02 0.13018E+01 0.19997E+01 0.10000E+10 0.10000E+10 0.10000E+10
  0.20000E+02 0.13414E+01 0.19999E+01 0.10000E+10 0.10000E+10 0.10000E+10
  0.10000E+02 0.14017E+01 0.19999E+01 0.10000E+10 0.10000E+10 0.10000E+10
  0.50000E+01 0.14471E+01 0.20000E+01 0.10000E+10 0.10000E+10 0.10000E+10
  0.40000E+01 0.14744E+01 0.19999E+01 0.10000E+10 0.10000E+10 0.10000E+10
  0.30000E+01 0.14892E+01 0.19997E+01 0.10000E+10 0.10000E+10 0.10000E+10
  0.20000E+01 0.14964E+01 0.19992E+01 0.10000E+10 0.10000E+10 0.10000E+10
  0.10000E+01 0.14988E+01 0.19983E+01 0.10000E+10 0.10000E+10 0.10000E+10
  0.00000E+00 0.14962E+01 0.19974E+01 0.10000E+10 0.10000E+10 0.10000E+10
