  0.11000E+04 0.12000E+01 0.20000E+01 0.10000E+10 0.10000E+01 0.10000E+10
  0.10500E+04 0.12000E+01 0.20000E+01 0.10000E+10 0.10000E+01 0.10000E+10
  0.10000E+04 0.12000E+01 0.20000E+01 0.10000E+10 0.10000E+01 0.10000E+10
  0.95000E+03 0.11000E+01 0.20000E+01 0.10000E+10 0.10000E+01 0.10000E+10
  0.90000E+03 0.90000E+00 0.20000E+01 0.10000E+10 0.10000E+01 0.10000E+10
  0.85000E+03 0.80000E+00 0.20000E+01 0.10000E+10 0.10000E+01 0.10000E+10
  0.80000E+03 0.80000E+00 0.20000E+01 0.10000E+10 0.10000E+01 0.10000E+10
  0.75000E+03 0.80000E+00 0.20000E+01 0.10000E+10 0.10000E+01 0.10000E+10
  0.70000E+03 0.80000E+00 0.20000E+01 0.10000E+10 0.10000E+01 0.10000E+10
  0.65000E+03 0.80000E+00 0.20000E+01 0.10000E+10 0.10000E+01 0.10000E+10
  0.60000E+03 0.80000E+00 0.20000E+01 0.10000E+10 0.10000E+01 0.10000E+10
  0.55000E+03 0.80000E+00 0.20000E+01 0.10000E+10 0.10000E+01 0.10000E+10
  0.50000E+03 0.80000E+00 0.20000E+01 0.10000E+10 0.10000E+01 0.10000E+10
  0.45000E+03 0.80000E+00 0.20000E+01 0.10000E+10 0.10000E+01 0.10000E+10
  0.40000E+03 0.80000E+00 0.20000E+01 0.10000E+10 0.10000E+10 0.10000E+10
  0.35000E+03 0.80000E+00 0.20000E+01 0.10000E+10 0.10000E+10 0.10000E+10
  0.30000E+03 0.90000E+00 0.20000E+01 0.10000E+10 0.10000E+10 0.10000E+10
  0.25000E+03 0.12000E+01 0.20000E+01 0.10000E+10 0.10000E+10 0.10000E+10
  0.20000E+03 0.12000E+01 0.20000E+01 0.10000E+10 0.10000E+10 0.10000E+10
  0.15000E+03 0.10000E+01 0.20000E+01 0.10000E+10 0.10000E+10 0.10000E+10
  0.10000E+03 0.80000E+00 0.20000E+01 0.10000E+10 0.10000E+10 0.10000E+10
  0.75000E+02 0.80000E+00 0.20000E+01 0.10000E+10 0.10000E+10 0.10000E+10
  0.50000E+02 0.90000E+00 0.20000E+01 0.10000E+10 0.10000E+10 0.10000E+10
  0.40000E+02 0.95000E+00 0.20000E+01 0.10000E+10 0.10000E+10 0.10000E+10
  0.30000E+02 0.10000E+01 0.20000E+01 0.10000E+10 0.10000E+10 0.10000E+10
  0.20000E+02 0.12500E+01 0.20000E+01 0.10000E+10 0.10000E+10 0.10000E+10
  0.10000E+02 0.15000E+01 0.20000E+01 0.10000E+10 0.10000E+10 0.10000E+10
  0.50000E+01 0.15000E+01 0.20000E+01 0.10000E+10 0.10000E+10 0.10000E+10
  0.40000E+01 0.15000E+01 0.20000E+01 0.10000E+10 0.10000E+10 0.10000E+10
  0.30000E+01 0.15000E+01 0.20000E+01 0.10000E+10 0.10000E+10 0.10000E+10
  0.20000E+01 0.15000E+01 0.20000E+01 0.10000E+10 0.10000E+10 0.10000E+10
  0.10000E+01 0.15000E+01 0.20000E+01 0.10000E+10 0.10000E+10 0.10000E+10
  0.00000E+00 0.15000E+01 0.20000E+01 0.10000E+10 0.10000E+10 0.10000E+10
