  0.11000E+04 0.14032E+01 0.20000E+01 0.10000E+10 0.20000E+01 0.10000E+10
  0.10500E+04 0.16585E+01 0.20000E+01 0.10000E+10 0.20000E+01 0.10000E+10
  0.10000E+04 0.19508E+01 0.20000E+01 0.10000E+10 0.20000E+01 0.10000E+10
  0.95000E+03 0.20417E+01 0.20000E+01 0.10000E+10 0.20000E+01 0.10000E+10
  0.90000E+03 0.18822E+01 0.20000E+01 0.10000E+10 0.20000E+01 0.10000E+10
  0.85000E+03 0.15609E+01 0.20000E+01 0.10000E+10 0.20000E+01 0.10000E+10
  0.80000E+03 0.12397E+01 0.20000E+01 0.10000E+10 0.20000E+01 0.10000E+10
  0.75000E+03 0.96874E+00 0.20000E+01 0.10000E+10 0.20000E+01 0.10000E+10
  0.70000E+03 0.77522E+00 0.20000E+01 0.10000E+10 0.20000E+01 0.10000E+10
  0.65000E+03 0.64651E+00 0.20000E+01 0.10000E+10 0.20000E+01 0.10000E+10
  0.60000E+03 0.55432E+00 0.20000E+01 0.10000E+10 0.20000E+01 0.10000E+10
  0.55000E+03 0.50873E+00 0.20000E+01 0.10000E+10 0.10000E+10 0.10000E+10
  0.50000E+03 0.52317E+00 0.20000E+01 0.10000E+10 0.10000E+10 0.10000E+10
  0.45000E+03 0.57062E+00 0.20000E+01 0.10000E+10 0.10000E+10 0.10000E+10
  0.40000E+03 0.61104E+00 0.20000E+01 0.10000E+10 0.10000E+10 0.10000E+10
  0.35000E+03 0.58990E+00 0.20000E+01 0.10000E+10 0.10000E+10 0.10000E+10
  0.30000E+03 0.54826E+00 0.20000E+01 0.10000E+10 0.10000E+10 0.10000E+10
  0.25000E+03 0.54575E+00 0.20000E+01 0.10000E+10 0.10000E+10 0.10000E+10
  0.20000E+03 0.59013E+00 0.20000E+01 0.10000E+10 0.10000E+10 0.10000E+10
  0.15000E+03 0.64993E+00 0.20000E+01 0.10000E+10 0.10000E+10 0.10000E+10
  0.10000E+03 0.73039E+00 0.20000E+01 0.10000E+10 0.10000E+10 0.10000E+10
  0.75000E+02 0.81101E+00 0.20000E+01 0.10000E+10 0.10000E+10 0.10000E+10
  0.50000E+02 0.89186E+00 0.20000E+01 0.10000E+10 0.10000E+10 0.10000E+10
  0.40000E+02 0.98209E+00 0.20000E+01 0.10000E+10 0.10000E+10 0.10000E+10
  0.30000E+02 0.10976E+01 0.20000E+01 0.10000E+10 0.10000E+10 0.10000E+10
  0.20000E+02 0.12391E+01 0.20000E+01 0.10000E+10 0.10000E+10 0.10000E+10
  0.10000E+02 0.13689E+01 0.20000E+01 0.10000E+10 0.10000E+10 0.10000E+10
  0.50000E+01 0.14496E+01 0.20000E+01 0.10000E+10 0.10000E+10 0.10000E+10
  0.40000E+01 0.14857E+01 0.20000E+01 0.10000E+10 0.10000E+10 0.10000E+10
  0.30000E+01 0.14974E+01 0.20000E+01 0.10000E+10 0.10000E+10 0.10000E+10
  0.20000E+01 0.14998E+01 0.20000E+01 0.10000E+10 0.10000E+10 0.10000E+10
  0.10000E+01 0.15002E+01 0.20000E+01 0.10000E+10 0.10000E+10 0.10000E+10
  0.00000E+00 0.15005E+01 0.20000E+01 0.10000E+10 0.10000E+10 0.10000E+10
