  0.11000E+04 0.10000E+10 0.10000E+10 0.18521E+01 0.10000E+10 0.10000E+10
  0.10500E+04 0.10000E+10 0.10000E+10 0.20636E+01 0.10000E+10 0.10000E+10
  0.10000E+04 0.10000E+10 0.10000E+10 0.22799E+01 0.10000E+10 0.10000E+10
  0.95000E+03 0.10000E+10 0.10000E+10 0.24211E+01 0.10000E+10 0.10000E+10
  0.90000E+03 0.10000E+10 0.10000E+10 0.24934E+01 0.10000E+10 0.10000E+10
  0.85000E+03 0.10000E+10 0.10000E+10 0.25155E+01 0.10000E+10 0.10000E+10
  0.80000E+03 0.10000E+10 0.10000E+10 0.25027E+01 0.10000E+10 0.10000E+10
  0.75000E+03 0.10000E+10 0.10000E+10 0.24785E+01 0.10000E+10 0.10000E+10
  0.70000E+03 0.10000E+10 0.10000E+10 0.24533E+01 0.10000E+10 0.10000E+10
  0.65000E+03 0.10000E+10 0.10000E+10 0.24381E+01 0.10000E+10 0.10000E+10
  0.60000E+03 0.10000E+10 0.10000E+10 0.24381E+01 0.10000E+10 0.10000E+10
  0.55000E+03 0.10000E+10 0.10000E+10 0.24579E+01 0.10000E+10 0.10000E+10
  0.50000E+03 0.10000E+10 0.10000E+10 0.25012E+01 0.10000E+10 0.10000E+10
  0.45000E+03 0.10000E+10 0.10000E+10 0.25738E+01 0.10000E+10 0.10000E+10
  0.40000E+03 0.10000E+10 0.10000E+10 0.26365E+01 0.10000E+10 0.10000E+10
  0.35000E+03 0.10000E+10 0.10000E+10 0.26858E+01 0.10000E+10 0.10000E+10
  0.30000E+03 0.10000E+10 0.10000E+10 0.27667E+01 0.10000E+10 0.10000E+10
  0.25000E+03 0.10000E+10 0.10000E+10 0.28971E+01 0.10000E+10 0.10000E+10
  0.20000E+03 0.10000E+10 0.10000E+10 0.30477E+01 0.10000E+10 0.10000E+10
  0.15000E+03 0.10000E+10 0.10000E+10 0.31070E+01 0.10000E+10 0.10000E+10
  0.10000E+03 0.10000E+10 0.10000E+10 0.30218E+01 0.10000E+10 0.10000E+10
  0.75000E+02 0.10000E+10 0.10000E+10 0.28734E+01 0.10000E+10 0.10000E+10
  0.50000E+02 0.10000E+10 0.10000E+10 0.27083E+01 0.10000E+10 0.10000E+10
  0.40000E+02 0.10000E+10 0.10000E+10 0.25520E+01 0.10000E+10 0.10000E+10
  0.30000E+02 0.10000E+10 0.10000E+10 0.24364E+01 0.10000E+10 0.10000E+10
  0.20000E+02 0.10000E+10 0.10000E+10 0.23654E+01 0.10000E+10 0.10000E+10
  0.10000E+02 0.10000E+10 0.10000E+10 0.23111E+01 0.10000E+10 0.10000E+10
  0.50000E+01 0.10000E+10 0.10000E+10 0.22438E+01 0.10000E+10 0.10000E+10
  0.40000E+01 0.10000E+10 0.10000E+10 0.21753E+01 0.10000E+10 0.10000E+10
  0.30000E+01 0.10000E+10 0.10000E+10 0.21299E+01 0.10000E+10 0.10000E+10
  0.20000E+01 0.10000E+10 0.10000E+10 0.21085E+01 0.10000E+10 0.10000E+10
  0.10000E+01 0.10000E+10 0.10000E+10 0.21007E+01 0.10000E+10 0.10000E+10
  0.00000E+00 0.10000E+10 0.10000E+10 0.20960E+01 0.10000E+10 0.10000E+10
