  0.11000E+04 0.10000E+10 0.10000E+10 0.18156E+01 0.10000E+10 0.10000E+10
  0.10500E+04 0.10000E+10 0.10000E+10 0.23478E+01 0.10000E+10 0.10000E+10
  0.10000E+04 0.10000E+10 0.10000E+10 0.30234E+01 0.10000E+10 0.10000E+10
  0.95000E+03 0.10000E+10 0.10000E+10 0.35135E+01 0.10000E+10 0.10000E+10
  0.90000E+03 0.10000E+10 0.10000E+10 0.39520E+01 0.10000E+10 0.10000E+10
  0.85000E+03 0.10000E+10 0.10000E+10 0.43755E+01 0.10000E+10 0.10000E+10
  0.80000E+03 0.10000E+10 0.10000E+10 0.45618E+01 0.10000E+10 0.10000E+10
  0.75000E+03 0.10000E+10 0.10000E+10 0.46395E+01 0.10000E+10 0.10000E+10
  0.70000E+03 0.10000E+10 0.10000E+10 0.46279E+01 0.10000E+10 0.10000E+10
  0.65000E+03 0.10000E+10 0.10000E+10 0.44618E+01 0.10000E+10 0.10000E+10
  0.60000E+03 0.10000E+10 0.10000E+10 0.43013E+01 0.10000E+10 0.10000E+10
  0.55000E+03 0.10000E+10 0.10000E+10 0.43200E+01 0.10000E+10 0.10000E+10
  0.50000E+03 0.10000E+10 0.10000E+10 0.45484E+01 0.10000E+10 0.10000E+10
  0.45000E+03 0.10000E+10 0.10000E+10 0.48377E+01 0.10000E+10 0.10000E+10
  0.40000E+03 0.10000E+10 0.10000E+10 0.50325E+01 0.10000E+10 0.10000E+10
  0.35000E+03 0.10000E+10 0.10000E+10 0.52880E+01 0.10000E+10 0.10000E+10
  0.30000E+03 0.10000E+10 0.10000E+10 0.56677E+01 0.10000E+10 0.10000E+10
  0.25000E+03 0.10000E+10 0.10000E+10 0.62208E+01 0.10000E+10 0.10000E+10
  0.20000E+03 0.10000E+10 0.10000E+10 0.67917E+01 0.10000E+10 0.10000E+10
  0.15000E+03 0.10000E+10 0.10000E+10 0.68297E+01 0.10000E+10 0.10000E+10
  0.10000E+03 0.10000E+10 0.10000E+10 0.62789E+01 0.10000E+10 0.10000E+10
  0.75000E+02 0.10000E+10 0.10000E+10 0.57175E+01 0.10000E+10 0.10000E+10
  0.50000E+02 0.10000E+10 0.10000E+10 0.52745E+01 0.10000E+10 0.10000E+10
  0.40000E+02 0.10000E+10 0.10000E+10 0.47750E+01 0.10000E+10 0.10000E+10
  0.30000E+02 0.10000E+10 0.10000E+10 0.43958E+01 0.10000E+10 0.10000E+10
  0.20000E+02 0.10000E+10 0.10000E+10 0.41970E+01 0.10000E+10 0.10000E+10
  0.10000E+02 0.10000E+10 0.10000E+10 0.41218E+01 0.10000E+10 0.10000E+10
  0.50000E+01 0.10000E+10 0.10000E+10 0.41021E+01 0.10000E+10 0.10000E+10
  0.40000E+01 0.10000E+10 0.10000E+10 0.40994E+01 0.10000E+10 0.10000E+10
  0.30000E+01 0.10000E+10 0.10000E+10 0.40997E+01 0.10000E+10 0.10000E+10
  0.20000E+01 0.10000E+10 0.10000E+10 0.40998E+01 0.10000E+10 0.10000E+10
  0.10000E+01 0.10000E+10 0.10000E+10 0.41003E+01 0.10000E+10 0.10000E+10
  0.00000E+00 0.10000E+10 0.10000E+10 0.41013E+01 0.10000E+10 0.10000E+10
