  0.11000E+04 0.10000E+10 0.10000E+10 0.14000E+01 0.10000E+10 0.10000E+10
  0.10500E+04 0.10000E+10 0.10000E+10 0.14000E+01 0.10000E+10 0.10000E+10
  0.10000E+04 0.10000E+10 0.10000E+10 0.37369E+01 0.10000E+10 0.10000E+10
  0.95000E+03 0.10000E+10 0.10000E+10 0.23798E+01 0.10000E+10 0.10000E+10
  0.90000E+03 0.10000E+10 0.10000E+10 0.20756E+01 0.10000E+10 0.10000E+10
  0.85000E+03 0.10000E+10 0.10000E+10 0.33315E+01 0.10000E+10 0.10000E+10
  0.80000E+03 0.10000E+10 0.10000E+10 0.22269E+01 0.10000E+10 0.10000E+10
  0.75000E+03 0.10000E+10 0.10000E+10 0.23933E+01 0.10000E+10 0.10000E+10
  0.70000E+03 0.10000E+10 0.10000E+10 0.28554E+01 0.10000E+10 0.10000E+10
  0.65000E+03 0.10000E+10 0.10000E+10 0.23840E+01 0.10000E+10 0.10000E+10
  0.60000E+03 0.10000E+10 0.10000E+10 0.21478E+01 0.10000E+10 0.10000E+10
  0.55000E+03 0.10000E+10 0.10000E+10 0.21429E+01 0.10000E+10 0.10000E+10
  0.50000E+03 0.10000E+10 0.10000E+10 0.23791E+01 0.10000E+10 0.10000E+10
  0.45000E+03 0.10000E+10 0.10000E+10 0.32143E+01 0.10000E+10 0.10000E+10
  0.40000E+03 0.10000E+10 0.10000E+10 0.25096E+01 0.10000E+10 0.10000E+10
  0.35000E+03 0.10000E+10 0.10000E+10 0.25985E+01 0.10000E+10 0.10000E+10
  0.30000E+03 0.10000E+10 0.10000E+10 0.23328E+01 0.10000E+10 0.10000E+10
  0.25000E+03 0.10000E+10 0.10000E+10 0.22679E+01 0.10000E+10 0.10000E+10
  0.20000E+03 0.10000E+10 0.10000E+10 0.33118E+01 0.10000E+10 0.10000E+10
  0.15000E+03 0.10000E+10 0.10000E+10 0.34675E+01 0.10000E+10 0.10000E+10
  0.10000E+03 0.10000E+10 0.10000E+10 0.20456E+01 0.10000E+10 0.10000E+10
  0.75000E+02 0.10000E+10 0.10000E+10 0.25233E+01 0.10000E+10 0.10000E+10
  0.50000E+02 0.10000E+10 0.10000E+10 0.33127E+01 0.10000E+10 0.10000E+10
  0.40000E+02 0.10000E+10 0.10000E+10 0.21000E+01 0.10000E+10 0.10000E+10
  0.30000E+02 0.10000E+10 0.10000E+10 0.21000E+01 0.10000E+10 0.10000E+10
  0.20000E+02 0.10000E+10 0.10000E+10 0.21000E+01 0.10000E+10 0.10000E+10
  0.10000E+02 0.10000E+10 0.10000E+10 0.21000E+01 0.10000E+10 0.10000E+10
  0.50000E+01 0.10000E+10 0.10000E+10 0.21000E+01 0.10000E+10 0.10000E+10
  0.40000E+01 0.10000E+10 0.10000E+10 0.21000E+01 0.10000E+10 0.10000E+10
  0.30000E+01 0.10000E+10 0.10000E+10 0.21000E+01 0.10000E+10 0.10000E+10
  0.20000E+01 0.10000E+10 0.10000E+10 0.21000E+01 0.10000E+10 0.10000E+10
  0.10000E+01 0.10000E+10 0.10000E+10 0.21000E+01 0.10000E+10 0.10000E+10
  0.00000E+00 0.10000E+10 0.10000E+10 0.21000E+01 0.10000E+10 0.10000E+10
