  0.11000E+04 0.10000E+10 0.10000E+10 0.33133E+01 0.10000E+10 0.10000E+10
  0.10500E+04 0.10000E+10 0.10000E+10 0.40029E+01 0.10000E+10 0.10000E+10
  0.10000E+04 0.10000E+10 0.10000E+10 0.47167E+01 0.10000E+10 0.10000E+10
  0.95000E+03 0.10000E+10 0.10000E+10 0.51420E+01 0.10000E+10 0.10000E+10
  0.90000E+03 0.10000E+10 0.10000E+10 0.51372E+01 0.10000E+10 0.10000E+10
  0.85000E+03 0.10000E+10 0.10000E+10 0.48225E+01 0.10000E+10 0.10000E+10
  0.80000E+03 0.10000E+10 0.10000E+10 0.43831E+01 0.10000E+10 0.10000E+10
  0.75000E+03 0.10000E+10 0.10000E+10 0.39783E+01 0.10000E+10 0.10000E+10
  0.70000E+03 0.10000E+10 0.10000E+10 0.37330E+01 0.10000E+10 0.10000E+10
  0.65000E+03 0.10000E+10 0.10000E+10 0.36483E+01 0.10000E+10 0.10000E+10
  0.60000E+03 0.10000E+10 0.10000E+10 0.36557E+01 0.10000E+10 0.10000E+10
  0.55000E+03 0.10000E+10 0.10000E+10 0.36653E+01 0.10000E+10 0.10000E+10
  0.50000E+03 0.10000E+10 0.10000E+10 0.36168E+01 0.10000E+10 0.10000E+10
  0.45000E+03 0.10000E+10 0.10000E+10 0.34788E+01 0.10000E+10 0.10000E+10
  0.40000E+03 0.10000E+10 0.10000E+10 0.32246E+01 0.10000E+10 0.10000E+10
  0.35000E+03 0.10000E+10 0.10000E+10 0.29305E+01 0.10000E+10 0.10000E+10
  0.30000E+03 0.10000E+10 0.10000E+10 0.27079E+01 0.10000E+10 0.10000E+10
  0.25000E+03 0.10000E+10 0.10000E+10 0.26026E+01 0.10000E+10 0.10000E+10
  0.20000E+03 0.10000E+10 0.10000E+10 0.25883E+01 0.10000E+10 0.10000E+10
  0.15000E+03 0.10000E+10 0.10000E+10 0.26008E+01 0.10000E+10 0.10000E+10
  0.10000E+03 0.10000E+10 0.10000E+10 0.26158E+01 0.10000E+10 0.10000E+10
  0.75000E+02 0.10000E+10 0.10000E+10 0.26346E+01 0.10000E+10 0.10000E+10
  0.50000E+02 0.10000E+10 0.10000E+10 0.26564E+01 0.10000E+10 0.10000E+10
  0.40000E+02 0.10000E+10 0.10000E+10 0.26754E+01 0.10000E+10 0.10000E+10
  0.30000E+02 0.10000E+10 0.10000E+10 0.26882E+01 0.10000E+10 0.10000E+10
  0.20000E+02 0.10000E+10 0.10000E+10 0.26953E+01 0.10000E+10 0.10000E+10
  0.10000E+02 0.10000E+10 0.10000E+10 0.26985E+01 0.10000E+10 0.10000E+10
  0.50000E+01 0.10000E+10 0.10000E+10 0.26995E+01 0.10000E+10 0.10000E+10
  0.40000E+01 0.10000E+10 0.10000E+10 0.26999E+01 0.10000E+10 0.10000E+10
  0.30000E+01 0.10000E+10 0.10000E+10 0.27001E+01 0.10000E+10 0.10000E+10
  0.20000E+01 0.10000E+10 0.10000E+10 0.27005E+01 0.10000E+10 0.10000E+10
  0.10000E+01 0.10000E+10 0.10000E+10 0.26998E+01 0.10000E+10 0.10000E+10
  0.00000E+00 0.10000E+10 0.10000E+10 0.26931E+01 0.10000E+10 0.10000E+10
