(0) 1000.000000   7.422300   1.393200  73.359810  17.411327       8251 1767.391235
(0) 950.000000   8.368800   1.439000  69.019226  16.458660       7732 1851.726440
(0) 900.000000   9.402500   1.435400  15.841908  21.788164       2779 2011.727295
(0) 850.000000  10.439000   1.366900  10.252929  19.426603       1675 1921.570801
(0) 800.000000  11.591001   1.255200  20.218586  15.794600       2746 1890.047974
(0) 750.000000  12.715000   1.136200  21.322100  11.596825       2359 1653.851685
(0) 700.000000  13.818999   1.039700  25.894411   9.192958       2604 1645.215576
(0) 650.000000  14.850000   0.980160  27.857946   5.758544       2394 1496.304321
(0) 600.000000  15.562000   0.947570  23.564180   2.729648       1779 1339.647949
(0) 550.000000  15.972000   0.928750  30.868031  -2.216319       1775 1074.450439
(0) 500.000000  16.305000   0.917140  23.341934  -8.666645        937 716.968262
(0) 450.000000  16.706999   0.916250  15.666805 -13.720740        457 528.457275
(0) 400.000000  17.091000   0.935060  21.972193 -20.925413        394 341.759094
(0) 350.000000  17.517000   0.984470  11.962139 -28.120037        134 201.613312
(0) 300.000000  18.047001   1.069900  28.416420 -37.267128        140 109.975540
(0) 250.000000  18.621000   1.181600  49.864151 -47.206345        108  54.717632
(0) 200.000000  19.134001   1.286200  47.695751 -55.677383         49  26.874146
(0) 150.000000  19.517000   1.354200  18.736074 -62.725456         10  12.595780
(0) 100.000000  19.761999   1.383100   2.069820 -59.887882          2  24.035824
(0)  75.000000  19.896999   1.383200   1.724593 -60.216087          3  30.847233
