(0) 1000.000000   0.742230   1.393200  73.359810  17.411327       8251 924.873901
(0) 950.000000   0.836880   1.439000  69.019226  16.458660       7732 910.587463
(0) 900.000000   0.940250   1.435400  15.841908  21.788164       2779 440.432434
(0) 850.000000   1.043900   1.366900  10.252929  19.426603       1675 328.868530
(0) 800.000000   1.159100   1.255200  20.218586  15.794600       2746 402.250732
(0) 750.000000   1.271500   1.136200  21.322100  11.596825       2359 334.654694
(0) 700.000000   1.381900   1.039700  25.894411   9.192958       2604 338.905121
(0) 650.000000   1.485000   0.980160  27.857946   5.758544       2394 303.675140
(0) 600.000000   1.556200   0.947570  23.564180   2.729648       1779 246.654816
(0) 550.000000   1.597200   0.928750  30.868031  -2.216319       1775 221.653061
(0) 500.000000   1.630500   0.917140  23.341934  -8.666645        937 132.004303
(0) 450.000000   1.670700   0.916250  15.666805 -13.720740        457  84.106148
(0) 400.000000   1.709100   0.935060  21.972193 -20.925413        394  63.330414
(0) 350.000000   1.751700   0.984470  11.962139 -28.120037        134  30.829247
(0) 300.000000   1.804700   1.069900  28.416420 -37.267128        140  25.419823
(0) 250.000000   1.862100   1.181600  49.864151 -47.206345        108  18.332249
(0) 200.000000   1.913400   1.286200  47.695751 -55.677383         49   9.487433
(0) 150.000000   1.951700   1.354200  18.736074 -62.725456         10   2.916464
(0) 100.000000   1.976200   1.383100   2.069820 -59.887882          2   2.796332
(0)  75.000000   1.989700   1.383200   1.724593 -60.216087          3   3.504691
